0.00 0.07 0 a
0.07 0.50 2 candle
0.50 0.94 15 flame
0.94 1.03 28 in
1.03 1.15 31 your
1.15 1.69 35 kitchen
1.69 2.28 51 produces
2.28 2.80 68 light
3.31 3.41 99 a
3.41 3.89 102 distant
3.89 4.59 117 quasar
4.59 5.00 138 burning
5.00 5.10 150 at
5.10 5.28 153 the
5.28 5.60 158 edge
5.60 5.70 168 of
5.70 5.85 171 the
5.85 6.51 176 observable
6.51 7.30 195 universe
7.62 8.23 229 produces
8.23 8.74 247 light
9.25 9.32 278 a
9.32 9.66 280 gamma
9.66 9.91 290 ray
9.91 10.45 297 burst
10.45 10.66 314 from
10.66 10.72 320 a
10.72 11.36 322 collapsing
11.36 12.38 341 star
12.44 13.12 373 unleashing
13.12 13.41 394 more
13.41 13.92 402 energy
13.92 14.05 418 in
14.05 14.68 422 seconds
14.68 14.84 440 than
14.84 14.92 445 the
14.92 15.35 448 sun
15.35 15.51 461 will
15.51 16.06 465 release
16.06 16.25 482 in
16.25 16.42 488 its
16.42 16.90 493 entire
16.90 17.66 507 lifetime
18.14 18.69 544 produces
18.69 19.22 561 light
19.56 19.85 587 every
19.85 20.16 596 one
20.16 20.28 605 of
20.28 20.55 608 these
20.55 21.42 617 photons
21.42 21.52 643 the
21.52 21.97 646 calm
21.97 22.51 659 ones
22.56 22.66 677 the
22.66 23.13 680 violent
23.13 23.69 694 ones
23.94 24.03 718 the
24.03 24.34 721 ones
24.34 24.59 730 so
24.59 25.20 738 faint
25.20 25.36 756 they
25.36 25.58 761 can
25.58 25.93 767 barely
25.93 26.07 778 be
26.07 26.86 782 measured
27.14 27.28 814 and
27.28 27.34 818 the
27.34 27.66 820 ones
27.66 28.00 830 so
28.00 28.74 840 energetic
28.74 28.86 862 they
28.86 29.04 866 could
29.04 29.50 871 shatter
29.50 30.02 885 atomic
30.02 30.79 901 nuclei
31.34 31.86 940 travels
31.86 31.95 956 at
31.95 32.58 959 exactly
32.58 32.69 977 the
32.69 33.07 981 same
33.07 33.66 992 speed
33.76 34.09 1013 through
34.09 34.44 1023 empty
34.44 35.16 1033 space
35.76 36.03 1073 not
36.03 36.87 1081 approximately
36.87 36.97 1106 the
36.97 37.29 1109 same
37.29 37.88 1119 speed
38.28 39.18 1148 exactly
39.67 39.75 1190 the
39.75 40.37 1193 photon
40.37 40.54 1211 that
40.54 40.85 1216 just
40.85 41.10 1226 left
41.10 41.20 1233 the
41.20 41.77 1236 flickering
41.77 42.26 1253 candle
42.26 42.74 1268 beside
42.74 43.09 1282 you
43.45 43.66 1304 is
43.66 44.16 1310 racing
44.16 44.74 1325 forward
44.74 44.83 1342 at
44.83 44.91 1345 the
44.91 45.28 1347 same
45.28 46.10 1358 velocity
46.10 46.32 1383 as
46.32 46.39 1390 the
46.39 47.18 1392 photon
47.47 47.58 1424 that
47.58 47.76 1427 has
47.76 47.93 1433 been
47.93 48.50 1438 streaking
48.50 48.95 1455 across
48.95 49.03 1469 the
49.03 49.89 1471 cosmos
50.13 50.27 1504 for
50.27 50.95 1508 thirteen
50.95 51.41 1529 billion
51.41 52.05 1542 years
52.63 53.08 1579 nothing
53.08 53.53 1592 pushes
53.53 53.90 1606 them
54.08 54.44 1622 nothing
54.44 55.18 1633 accelerates
55.18 55.56 1655 them
56.02 56.20 1681 they
56.20 56.30 1686 are
56.30 56.66 1689 never
56.66 57.32 1700 slow
57.32 57.63 1720 never
57.63 58.49 1729 fast
58.65 59.21 1760 only
59.21 59.46 1776 this
59.46 59.82 1784 one
59.82 60.50 1795 speed
60.99 61.11 1830 and
61.11 61.18 1833 the
61.18 61.73 1835 question
61.73 61.89 1852 is
61.89 62.47 1857 why
63.96 64.32 1919 before
64.32 64.43 1930 we
64.43 64.68 1933 go
64.68 64.82 1940 any
64.82 65.56 1945 further
65.76 65.90 1973 if
65.90 66.01 1977 you
66.01 66.37 1980 find
66.37 66.55 1991 this
66.55 66.84 1997 kind
66.84 66.96 2005 of
66.96 67.34 2009 deep
67.34 68.16 2020 exploration
68.16 69.16 2045 fascinating
69.42 69.51 2083 a
69.51 69.88 2085 quick
69.88 70.28 2096 like
70.28 70.43 2108 or
70.43 71.34 2113 subscribe
71.57 71.86 2147 really
71.86 72.24 2156 helps
72.24 72.33 2167 the
72.33 72.76 2170 channel
72.76 73.33 2183 grow
73.87 74.04 2216 it's
74.04 74.07 2221 a
74.07 74.46 2222 small
74.46 74.77 2234 thing
74.77 74.97 2243 for
74.97 75.38 2249 you
75.64 75.82 2269 but
75.82 75.88 2275 it
75.88 76.22 2276 makes
76.22 76.28 2287 a
76.28 76.78 2288 huge
76.78 77.23 2303 difference
77.23 77.36 2317 for
77.36 77.80 2321 me
78.60 79.14 2358 also
79.14 79.34 2374 we're
79.34 79.51 2380 now
79.51 79.95 2385 live
79.95 80.09 2399 on
80.09 80.92 2403 spotify
81.39 81.45 2442 the
81.45 81.89 2444 links
81.89 82.07 2457 are
82.07 82.17 2462 in
82.17 82.24 2465 the
82.24 83.02 2467 description
83.05 83.20 2492 if
83.20 83.37 2496 you'd
83.37 83.57 2501 like
83.57 83.68 2507 to
83.68 84.06 2510 listen
84.06 84.29 2522 to
84.29 84.57 2529 us
84.63 85.33 2539 wherever
85.33 85.53 2560 you
85.53 85.92 2566 are
86.10 86.61 2583 now
86.98 87.24 2609 let's
87.24 87.84 2617 begin
88.01 88.49 2640 consider
88.49 88.83 2655 just
88.83 88.96 2665 how
88.96 89.68 2669 strange
89.68 89.76 2690 the
89.76 90.56 2693 situation
90.56 91.21 2717 actually
91.21 91.81 2736 is
92.39 92.68 2772 every
92.68 93.10 2780 source
93.10 93.23 2793 of
93.23 93.59 2797 light
93.59 93.72 2808 in
93.72 93.82 2812 the
93.82 94.58 2815 universe
94.83 95.30 2845 answers
95.30 95.47 2859 to
95.47 96.11 2864 entirely
96.11 96.53 2883 different
96.53 97.26 2896 rules
97.64 97.74 2929 a
97.74 98.18 2932 candle
98.18 98.60 2945 flame
98.60 99.18 2958 produces
99.18 99.55 2975 light
99.55 99.75 2987 through
99.75 99.78 2993 a
99.78 100.26 2993 chemical
100.26 101.05 3008 reaction
101.40 101.54 3042 at
101.54 101.59 3046 a
101.59 102.29 3048 temperature
102.29 102.40 3069 of
102.40 102.92 3072 perhaps
102.92 103.22 3088 one
103.22 103.75 3097 thousand
103.75 104.09 3113 five
104.09 104.42 3123 hundred
104.42 105.17 3133 degrees
105.81 105.91 3174 a
105.91 106.49 3177 hydrogen
106.49 106.92 3195 atom
106.92 107.34 3208 sitting
107.34 107.44 3220 in
107.44 107.48 3223 a
107.48 108.02 3224 cold
108.02 108.63 3241 interstellar
108.63 109.36 3259 cloud
109.61 110.14 3288 produces
110.14 110.18 3304 a
110.18 110.92 3305 photon
110.92 111.08 3328 by
111.08 111.59 3332 dropping
111.59 111.68 3348 an
111.68 112.42 3350 electron
112.72 113.16 3382 between
113.16 113.49 3395 two
113.49 114.04 3405 quantum
114.04 114.47 3421 energy
114.47 115.13 3434 levels
115.54 116.09 3466 releasing
116.09 116.18 3483 a
116.18 116.56 3485 tiny
116.56 117.14 3497 sliver
117.14 117.27 3514 of
117.27 117.79 3518 radio
117.79 118.43 3534 energy
118.83 118.91 3565 a
118.91 119.28 3567 star
119.28 119.55 3578 like
119.55 119.67 3587 our
119.67 120.15 3590 sun
120.15 120.79 3605 produces
120.79 121.09 3624 light
121.09 121.27 3633 from
121.27 121.75 3638 nuclear
121.75 122.39 3653 fusion
122.39 122.54 3672 at
122.54 122.89 3676 core
122.89 123.76 3687 temperatures
124.05 124.25 3722 near
124.25 124.87 3728 fifteen
124.87 125.27 3746 million
125.27 126.05 3758 degrees
126.12 126.23 3784 a
126.23 126.59 3787 gamma
126.59 126.86 3798 ray
126.86 127.59 3806 burst
127.95 128.15 3839 one
128.15 128.27 3845 of
128.27 128.34 3848 the
128.34 128.67 3850 most
128.67 129.27 3860 violent
129.27 129.71 3878 events
129.71 130.53 3891 astronomers
130.53 130.76 3916 have
130.76 131.05 3923 ever
131.05 131.79 3932 detected
132.39 132.96 3972 releases
132.96 133.74 3989 photons
133.74 134.20 4012 carrying
134.20 134.51 4026 so
134.51 134.83 4035 much
134.83 135.49 4045 energy
135.88 135.99 4076 that
135.99 136.04 4080 a
136.04 136.51 4081 single
136.51 136.77 4095 one
136.77 136.90 4103 of
136.90 137.13 4107 them
137.13 137.37 4114 could
137.37 137.61 4121 rip
137.61 137.65 4128 a
137.65 138.22 4130 hole
138.57 138.72 4157 through
138.72 138.82 4162 the
138.82 139.49 4165 strongest
139.49 139.98 4185 metals
139.98 140.11 4199 we
140.11 140.33 4203 know
140.33 140.48 4210 how
140.48 140.56 4214 to
140.56 141.05 4217 make
141.96 142.21 4259 these
142.21 142.30 4266 are
142.30 142.52 4269 not
142.52 143.43 4276 variations
143.43 143.55 4303 on
143.55 143.62 4307 a
143.62 144.19 4309 theme
144.69 144.96 4341 these
144.96 145.04 4349 are
145.04 145.60 4351 radically
145.60 146.07 4368 different
146.07 146.55 4382 physical
146.55 147.53 4397 processes
147.70 147.87 4431 the
147.87 147.87 4436 reactant *
147.87 147.98 4436 are
147.98 148.37 4439 different
148.37 148.49 4451 the
148.49 148.97 4455 temperatures
148.97 149.00 4469 are
149.00 149.43 4470 different
149.88 150.00 4496 the
150.15 150.76 4505 energies
150.76 151.01 4523 per
151.16 151.47 4535 photon
152.52 153.06 4576 differ
154.01 154.27 4620 by
154.27 154.89 4628 factors
154.89 154.99 4647 of
154.99 155.89 4650 trillions
156.49 156.58 4695 the
156.58 157.07 4697 physical
157.07 157.93 4712 mechanisms
157.93 158.38 4738 could
158.38 158.67 4751 not
158.67 158.78 4760 be
158.78 159.09 4763 more
159.09 159.63 4773 distinct
159.63 159.88 4789 from
159.88 160.02 4796 one
160.02 160.53 4801 another
160.91 161.09 4827 and
161.09 161.39 4833 yet
161.39 161.53 4842 the
161.53 162.04 4846 moment
162.04 162.29 4861 each
162.29 162.43 4869 of
162.43 162.68 4873 those
162.68 163.45 4880 processes
163.45 164.07 4904 produces
164.07 164.11 4922 a
164.11 165.07 4923 photon
165.40 165.48 4962 the
165.48 166.02 4964 photon
166.02 166.13 4981 that
166.13 166.94 4984 emerges
167.18 167.37 5015 is
167.37 167.76 5021 moving
167.76 167.87 5033 at
167.87 168.57 5036 exactly
168.57 168.69 5057 the
168.69 169.05 5061 same
169.05 169.57 5072 speed
169.57 169.85 5087 through
169.85 170.19 5096 empty
170.19 170.88 5106 space
171.08 171.32 5132 not
171.32 172.15 5140 approximately
172.15 172.24 5165 the
172.24 172.55 5167 same
172.55 173.16 5177 speed
173.60 173.86 5208 not
173.86 174.68 5216 statistically
174.68 175.35 5240 similar
175.84 176.57 5275 exactly
176.57 176.68 5297 the
176.68 177.01 5300 same
177.01 177.63 5310 speed
177.96 178.11 5339 to
178.11 178.26 5343 as
178.26 178.56 5348 many
178.56 179.05 5357 decimal
179.05 179.83 5372 places
180.06 180.38 5402 as
180.38 180.66 5411 any
180.66 181.44 5420 experiment
181.44 181.69 5443 has
181.69 182.03 5451 ever
182.03 182.65 5461 probed
182.96 183.03 5489 the
183.03 183.64 5491 photon
183.64 183.86 5509 from
183.86 183.97 5516 your
183.97 184.74 5519 candle
185.03 185.22 5551 is
185.22 185.62 5557 moving
185.62 185.81 5569 at
185.81 186.12 5574 two
186.12 186.60 5584 hundred
186.60 186.98 5598 ninety
186.98 187.31 5609 nine
187.31 187.85 5619 million
187.85 188.31 5636 seven
188.31 188.75 5649 hundred
188.75 189.19 5663 ninety
189.19 189.49 5676 two
189.49 190.25 5685 thousand
190.48 190.84 5714 four
190.84 191.34 5725 hundred
191.34 191.90 5740 fifty
191.90 192.14 5757 eight
192.14 192.59 5764 meters
192.59 192.76 5778 per
192.76 193.38 5783 second
193.98 194.22 5819 so
194.22 194.37 5827 is
194.37 194.44 5831 the
194.44 195.13 5833 photon
195.13 195.33 5854 from
195.33 195.42 5860 the
195.42 195.75 5863 gamma
195.75 195.97 5873 ray
195.97 196.64 5879 burst
197.17 197.44 5915 so
197.44 197.59 5923 is
197.59 197.67 5928 the
197.67 198.29 5930 photon
198.29 198.49 5949 from
198.49 198.57 5955 the
198.57 199.24 5957 hydrogen
199.24 199.72 5977 atom
199.72 199.88 5992 in
199.88 199.98 5996 the
199.98 200.69 5999 interstellar
200.69 201.35 6021 cloud
201.86 202.11 6056 so
202.11 202.26 6063 is
202.26 202.33 6068 the
202.33 202.74 6070 light
202.74 202.97 6082 from
202.97 203.34 6089 every
203.34 203.86 6100 screen
203.86 204.04 6116 you
204.04 204.27 6121 have
204.27 204.55 6128 ever
204.55 204.92 6137 looked
204.92 205.32 6148 at
205.89 206.02 6177 in
206.02 206.73 6181 vacuum
207.06 207.24 6212 they
207.24 207.54 6217 all
207.54 207.96 6226 move
207.96 208.07 6239 at
208.07 208.16 6242 the
208.16 208.52 6245 same
208.52 209.16 6256 speed
209.67 209.92 6290 there
209.92 209.96 6298 are
209.96 210.28 6299 no
210.28 210.83 6308 fast
210.83 211.77 6325 photons
212.01 212.21 6360 there
212.21 212.26 6366 are
212.26 212.59 6368 no
212.59 213.00 6378 slow
213.00 213.93 6390 photons
214.33 214.49 6430 there
214.49 214.64 6435 are
214.64 215.01 6439 only
215.01 215.79 6450 photons
215.79 216.36 6474 moving
216.85 217.01 6506 to
217.01 217.71 6510 appreciate
217.71 217.87 6531 how
217.87 218.47 6536 strange
218.47 218.71 6554 this
218.71 219.38 6561 actually
219.38 219.97 6581 is
220.34 220.60 6610 think
220.60 220.88 6618 about
220.88 221.03 6626 how
221.03 221.49 6631 nearly
221.49 222.07 6645 everything
222.07 222.44 6662 else
222.44 222.66 6673 in
222.66 223.05 6680 nature
223.05 223.95 6692 behaves
224.05 224.37 6722 throw
224.37 224.40 6731 a
224.40 225.22 6732 baseball
225.22 225.40 6757 and
225.40 225.61 6762 its
225.61 226.03 6768 speed
226.03 226.54 6781 depends
226.54 226.64 6796 on
226.64 226.89 6799 how
226.89 227.21 6807 hard
227.21 227.35 6816 you
227.35 227.70 6821 throw
227.70 227.97 6831 it
228.47 228.91 6854 fire
228.91 228.95 6867 a
228.95 229.35 6869 bullet
229.35 229.59 6881 from
229.59 229.99 6888 different
229.99 230.77 6900 rifles
231.02 231.18 6931 and
231.18 231.24 6935 the
231.24 231.64 6937 muzzle
231.64 232.28 6949 velocity
232.28 232.83 6968 varies
232.83 233.03 6985 from
233.03 233.78 6991 firearm
233.78 233.93 7013 to
233.93 234.78 7018 firearm
235.17 235.40 7055 push
235.40 235.50 7062 a
235.50 235.82 7065 car
235.82 236.09 7075 from
236.09 236.67 7083 rest
236.90 237.06 7107 and
237.06 237.14 7112 the
237.14 237.59 7114 speed
237.59 238.11 7128 climbs
238.11 238.83 7143 gradually
238.83 239.04 7165 as
239.04 239.21 7171 the
239.21 239.64 7176 engine
239.64 239.92 7189 does
239.92 240.44 7198 work
241.01 241.24 7230 kick
241.24 241.29 7237 a
241.29 241.75 7239 soccer
241.75 242.02 7253 ball
242.02 242.77 7261 softly
242.77 243.21 7283 and
243.21 243.34 7296 it
243.34 244.00 7300 drifts
244.51 244.73 7335 kick
244.73 244.82 7342 it
244.82 245.29 7345 hard
245.29 245.44 7359 and
245.44 245.55 7363 it
245.55 246.26 7367 rockets
